31 
32 
76 
91 
93 
107 
123 
215 
228 
257 
271 
272 
289 
290 
331 
391 
436 
439 
451 
454 
469 
481 
511 
541 
619 
706 
739 
751 
781 
796 
797 
798 
800 
811 
858 
889 
947 
964 
992 
1006 
1022 
1025 
1096 
1100 
1128 
1158 
1171 
1216 
1263 
1294 
1306 
1321 
1385 
1412 
1472 
1501 
1502 
1504 
1517 
1518 
1534 
1562 
1577 
1591 
1593 
1621 
1651 
1681 
1714 
1756 
1787 
1801 
1805 
1817 
1832 
1833 
1846 
1847 
1891 
1951 
1967 
1981 
2011 
2014 
2026 
2041 
2101 
2104 
2131 
2133 
2206 
2208 
2251 
2282 
2296 
2313 
2314 
2326 
2328 
2359 
2372 
2390 
2403 
2508 
2521 
2551 
2552 
2553 
2597 
2612 
2717 
2720 
2748 
2762 
2793 
2867 
2868 
2896 
2911 
2929 
3004 
3018 
3020 
3107 
3108 
3136 
3140 
3182 
3198 
3228 
3361 
3437 
3438 
3511 
3557 
3571 
3602 
3604 
3662 
3676 
3677 
3691 
3710 
3736 
3738 
3753 
3766 
3768 
3841 
3843 
3904 
3947 
3963 
3977 
3991 
4037 
4068 
4069 
4141 
4142 
4186 
4203 
4231 
4307 
4309 
4352 
4353 
4354 
4366 
4367 
4382 
4396 
4399 
4413 
4486 
4488 
4533 
4562 
4639 
4666 
4681 
4711 
4712 
4741 
4742 
4744 
4757 
4787 
4834 
4846 
4862 
4876 
4966 
4981 
4996 
5011 
5028 
5041 
5071 
5086 
5105 
5131 
5133 
5162 
5191 
5195 
5206 
5236 
5239 
5251 
5281 
5298 
5299 
5356 
5386 
5401 
5431 
5510 
5521 
5581 
5585 
5614 
5657 
5672 
5732 
5762 
5780 
5866 
5898 
5911 
5941 
5957 
6001 
6049 
6110 
6121 
6136 
6166 
6197 
6198 
6227 
6241 
6303 
6318 
6452 
6466 
6467 
6513 
6526 
6529 
6530 
6541 
6571 
6586 
6587 
6589 
6661 
6695 
6766 
6781 
6782 
6783 
6798 
6800 
6828 
6860 
6871 
6903 
6905 
6931 
6961 
7036 
7037 
7055 
7067 
7083 
7096 
7111 
7141 
7201 
7263 
7291 
7323 
7351 
7353 
7366 
7412 
7475 
7517 
7520 
7550 
7577 
7579 
7591 
7621 
7652 
7726 
7727 
7757 
